13:47:50:004;1,43393551613332;331,433935516133;0;0;0
13:47:50:017;2,02839117012161;332,028391170122;0;0,0008167696;0,001011378
13:47:50:034;1,24642234434072;331,246422344341;0;0,004201883;0,00279709
13:47:50:052;2,13191751251281;332,131917512513;0;0,006316935;0,0009040107
13:47:50:067;1,65360487013385;331,653604870134;0;0,004256407;0,001543754
13:47:50:085;1,80065291862149;331,800652918621;0;0,001793005;0,001163123
13:47:50:099;1,00306022313163;331,003060223132;0;0,004213532;0,00140183
13:47:50:116;1,59635901917449;331,596359019174;0;0,001806651;0,0005832024
13:47:50:133;1,57699352844725;331,576993528447;0;0,0004635336;0
13:47:50:149;1,68878957456394;331,688789574564;0;0,0004516678;0,001837732
13:47:50:166;1,7106964603517;331,710696460352;0;0,0008376181;0,002560568
13:47:50:183;3,55246585274034;333,55246585274;0;0,007170993;0
13:47:50:199;1,36702850478383;331,367028504784;16;0,01005005;0,001664193
13:47:50:216;1,56487750852745;331,564877508527;16;0,0003096075;0,002175945
13:47:50:232;1,51904490680056;331,519044906801;15;0,003026362;0,003278429
13:47:50:249;1,96169528283815;331,961695282838;16;0,0009735546;0,0005992572
13:47:50:266;2,26433583414234;332,264335834142;15;0,0009326139;0,002639756
13:47:50:283;0,889983553665559;330,889983553666;16;0,004700013;0,003678796
13:47:50:299;1,70164714172779;331,701647141728;0;0,003883598;0,003382388
13:47:50:316;1,6989947446715;331,698994744672;15;0,0009291529;0,001645428
13:47:50:333;0,826499782677217;330,826499782677;0;0,002298425;0,002378049
13:47:50:349;1,70360757999543;331,703607579995;0;0,002983834;0,002218478
13:47:50:366;2,07881277926731;332,078812779267;0;0,000562097;0,001248205
13:47:50:383;1,87872979542431;331,878729795424;0;0,0004912256;0,001394526
13:47:50:399;1,27830912639564;331,278309126396;0;0,002497815;0,002605481
13:47:50:415;1,24892457373988;331,24892457374;0;0,0005083679;0,00337912
13:47:50:449;1,47529113571619;331,475291135716;31;0,000563512;0,001471674
13:47:50:466;1,34829233544355;331,348292335444;16;0,0002374175;0,0008138948
13:47:50:482;1,1649621297579;331,164962129758;15;0,0008016673;0,001321758
13:47:50:498;1,25256604402841;331,252566044028;16;0,001123891;0,002127003
13:47:50:515;0,749390720812471;330,749390720812;15;0,005824931;0,00328286
13:47:50:532;0,606324211640413;330,60632421164;16;0,002549801;0,001652819
13:47:50:549;2,29653437090218;332,296534370902;16;0,006402073;0,001667831
13:47:50:565;2,39835767090921;332,398357670909;15;0,000569646;0,001757278
13:47:50:583;1,52552826881839;331,525528268818;0;0,0009393154;0,0007690639
13:47:50:598;1,81225383658057;331,812253836581;0;0,0008269704;0,002778404
13:47:50:616;2,20510400251135;332,205104002511;0;0,002817777;0,001155823
13:47:50:633;2,37343364604266;332,373433646043;0;0,005070297;0,003578971
13:47:50:649;1,48008557814961;331,48008557815;0;0,005190633;0,002308644
13:47:50:666;1,50387461768747;331,503874617687;0;0,000466437;0,0004937737
13:47:50:682;2,07550156130651;332,075501561307;15;0,000790333;0,007949693
13:47:50:699;0,900409116723893;330,900409116724;16;0,004474704;0,003434849
13:47:50:716;1,74508681607824;331,745086816078;16;0,00321612;0,002758264
13:47:50:732;1,47331239191243;331,473312391912;15;0,002753631;0,005621828
13:47:50:748;1,68196567087767;331,681965670878;16;0,004653273;0,001959875
13:47:50:765;1,93067797844338;331,930677978443;15;0,002102633;0,002313595
13:47:50:782;1,42778944712086;331,427789447121;16;0,00151481;0,003715571
13:47:50:799;1,29611000019298;331,296110000193;16;0,0003103667;0,002635728
13:47:50:815;1,54423478850077;331,544234788501;15;0,001242762;0,002145486
13:47:50:832;1,8452429604867;331,845242960487;0;0,001648665;0,001917096
13:47:50:849;0,941481577289153;330,941481577289;0;0,005283718;0,002390879
13:47:50:865;1,89653093624884;331,896530936249;0;0,0009300255;0,002978165
13:47:50:882;3,56990679445914;333,569906794459;0;0,006717415;0,006171941
13:47:50:898;1,3093941057424;331,309394105742;0;0,008175277;0,002366734
13:47:50:916;1,7696295717796;331,76962957178;0;0,002254029;0,001457597
13:47:50:932;1,86369880267125;331,863698802671;0;0,002434782;0,00236013
13:47:50:948;1,50199354319795;331,501993543198;16;0,004076377;0,001890628
13:47:50:966;1,49611649337527;331,496116493375;16;0,002079012;0,005295887
13:47:50:982;0,918007006766288;330,918007006766;15;0,003521991;0,002540808
13:47:50:999;1,46304688978177;331,463046889782;16;0,003123479;0,00162978
13:47:51:016;2,54414227850964;332,54414227851;15;0,004136092;0,005098352
13:47:51:032;2,09095557737055;332,090955577371;16;0,002830352;0,001966984
13:47:51:049;1,47323728653481;331,473237286535;16;0,004059743;0,001786874
13:47:51:071;1,12025513467552;331,120255134676;0;0,002396093;0,001345919
13:47:51:083;0,335595290803553;330,335595290804;0;0,002438757;0,005290158
13:47:51:099;0,492710021036089;330,492710021036;0;0,001988722;0,004596431
13:47:51:115;2,26989414877448;332,269894148774;0;0,006337244;0,005241118
13:47:51:133;1,09815155465617;331,098151554656;0;0,006284327;0,00151467
13:47:51:149;1,87318961724219;331,873189617242;0;0,001876007;0,007133033
13:47:51:166;2,28626177283275;332,286261772833;0;0,001739444;0,003873251
13:47:51:183;1,04481173465922;331,044811734659;0;0,004240682;0,001843935
13:47:51:199;2,20538205719208;332,205382057192;0;0,001403318;0,001560011
13:47:51:217;1,53370166929574;331,533701669296;0;0,00302628;0,005884338
13:47:51:233;0,249183337758325;330,249183337758;15;0,004873071;0,004925578
13:47:51:251;1,44491694306873;331,444916943069;16;0,0005504285;0,001268469
13:47:51:267;1,29064055586247;331,290640555862;0;0,002066328;0,000830009
13:47:51:283;2,8254270515805;332,825427051581;16;0,002978923;0,002273812
13:47:51:299;0,4460692534077;330,446069253408;16;0,008024122;0,006524428
13:47:51:316;1,43089200932405;331,430892009324;15;0,001413847;0,001418803
13:47:51:333;1,75130135597658;331,751301355977;0;0,0005520784;0,002104445
13:47:51:349;1,66646253035179;331,666462530352;0;0,001330283;0,00449122
13:47:51:365;1,31167421370924;331,311674213709;0;0,002916048;0,00571195
13:47:51:381;1,24067722518834;331,240677225188;0;0,002691368;0,001752172
13:47:51:398;1,03746714156892;331,037467141569;0;0,0008998801;0,002334175
13:47:51:415;1,55283383880834;331,552833838808;0;0,0006910484;0,004713261
13:47:51:432;1,31929419063169;331,319294190632;0;0,002375557;0,003110981
13:47:51:449;0,642701629650333;330,64270162965;0;0,003012666;0,00227926
13:47:51:465;1,086614989412;331,086614989412;16;0,0006483028;0,00308126
13:47:51:482;2,69277874677914;332,692778746779;15;0,002027717;0,003953049
13:47:51:498;0,485348028253952;330,485348028254;16;0,005997933;0,001095712
13:47:51:515;2,20068575450944;332,200685754509;15;0,001876515;0,002291625
13:47:51:532;0,680813816817533;330,680813816818;16;0,003794031;0,004948271
13:47:51:549;1,71830501878395;331,718305018784;16;0,002091705;0,001054667
13:47:51:565;2,54454833946232;332,544548339462;15;0,001313351;0,001010348
13:47:51:582;1,10065331090209;331,100653310902;0;0,004181025;0,0007566651
13:47:51:599;0,245765302165637;330,245765302166;0;0,004460258;0,003663982
13:47:51:615;0,743618041489583;330,74361804149;0;0,00121305;0,004367897
13:47:51:632;0,744461764242715;330,744461764243;0;0,00200174;0,002233999
13:47:51:649;1,95603004542852;331,956030045429;0;0,001903103;0,002953024
13:47:51:665;2,42058734656626;332,420587346566;0;0,001321269;0,003381266
13:47:51:682;1,44705087712146;331,447050877121;0;0,002378235;0,003376329
13:47:51:698;1,10546604387599;331,105466043876;16;0,00323252;0,006058437
13:47:51:715;0,51100284139568;330,511002841396;16;0,002729999;0,002784532
13:47:51:732;0,056493472341856;329,943506527658;15;0,003164556;0,004047505
13:47:51:748;0,774533383129381;330,774533383129;16;0,003081089;0,003080534
13:47:51:765;1,86053467580405;331,860534675804;15;0,002538739;0,003282853
13:47:51:782;0,728459684897246;330,728459684897;16;0,003493926;0,002866964
13:47:51:799;0,514202358950172;330,51420235895;16;0,002015754;0,002498895
13:47:51:815;0,399547653851755;330,399547653852;15;0,002626864;0,003405845
13:47:51:832;1,35431785187922;331,354317851879;16;0,00276016;0,004355006
13:47:51:848;1,59704264146484;331,597042641465;0;0,00194016;0,003737621
13:47:51:865;0,407882699645711;330,407882699646;0;0,004035468;0,00387271
13:47:51:882;0,89745984940015;330,8974598494;0;0,00361632;0,002563186
13:47:51:898;1,99023791418324;331,990237914183;0;0,003455204;0,004507239
13:47:51:915;1,07975564294537;331,079755642945;0;0,002372519;0,002679047
13:47:51:932;0,293869201858172;330,293869201858;0;0,002991577;0,00425685
13:47:51:948;0,677052002953587;329,322947997046;0;0,001838339;0,006479422
13:47:51:965;0,676765334175627;330,676765334176;16;0,004113741;0,003352601
13:47:51:982;0,269750738512244;330,269750738512;15;0,001978344;0,002992286
13:47:51:998;1,67735871322463;331,677358713225;16;0,004130683;0,002812657
13:47:52:015;0,668228530542592;330,668228530543;15;0,00276735;0,004542941
13:47:52:032;0,516543938712857;330,516543938713;16;0,002437705;0,00250211
13:47:52:049;0,0393311209019203;329,960668879098;16;0,00194681;0,003510162
13:47:52:065;0,938024828225593;330,938024828226;15;0,003928495;0,004057164
13:47:52:082;0,568104406783107;330,568104406783;0;0,001948661;0,006755808
13:47:52:098;0,560336901964604;329,439663098035;0;0,002733133;0,002499823
13:47:52:114;1,95412193763298;331,954121937633;0;0,008798311;0,002149131
13:47:52:132;0,437176372259444;330,437176372259;0;0,002689686;0,001697124
13:47:52:149;0,546789240776832;329,453210759223;0;0,001960851;0,005886409
13:47:52:166;1,69885811013722;331,698858110137;0;0,008105691;0,002186803
13:47:52:182;0,723636569087773;330,723636569088;0;0,001541429;0,002286749
13:47:52:198;0,636791338879618;329,36320866112;0;0,002836762;0,001487633
13:47:52:248;1,67985302797274;331,679853027973;47;0,01019093;0,006097206
13:47:52:265;0,0663840784972649;329,933615921503;15;0,0009954377;0,007836515
13:47:52:282;0,487214091770227;329,51278590823;16;0,002039059;0,002491786
13:47:52:298;0,495663818806804;330,495663818807;16;0,004287974;0,001641105
13:47:52:315;0,817633624840937;330,817633624841;15;0,003891853;0,008331955
13:47:52:332;0,648700534687123;330,648700534687;0;0,002248382;0,002166753
13:47:52:349;0,300447120045135;330,300447120045;0;0,001547712;0,002341738
13:47:52:366;0,162407615338168;330,162407615338;0;0,001346917;0,002144632
13:47:52:382;1,6792550691261;331,679255069126;0;0,007491328;0,006850439
13:47:52:399;0,452893229682672;330,452893229683;0;0,001985961;0,002693393
13:47:52:417;0,818005472706432;330,818005472706;0;0,003600457;0,002496255
13:47:52:434;0,0146953147742579;329,985304685226;0;0,001883069;0,003794554
13:47:52:450;0,259901477933624;329,740098522066;16;0,002261645;0,002374338
13:47:52:466;1,96115590592683;331,961155905927;16;0,009159333;0,002882789
13:47:52:482;0,571000983810109;330,57100098381;15;0,003951531;0,003393559
13:47:52:498;0,493896178095838;330,493896178096;16;0,005215367;0,007561185
13:47:52:517;0,825011498062224;330,825011498062;15;0,004559584;0,0039935
13:47:52:533;0,00414351403492219;329,995856485965;0;0,004585723;0,004570595
13:47:52:548;0,194805187427335;330,194805187427;0;0,005108785;0,00708579
13:47:52:565;0,369405529922119;330,369405529922;15;0,003650423;0,004493156
13:47:52:582;1,17498785562725;331,174987855627;16;0,006520911;0,008217319
13:47:52:598;0,60405789759966;330,6040578976;0;0,004077364;0,004859076
13:47:52:614;0,87539498593253;330,875394985933;0;0,003850077;0,004695709
13:47:52:632;1,79159539406908;331,791595394069;0;0,005570009;0,003903166
13:47:52:648;1,57656720163141;331,576567201631;0;0,002776583;0,004884877
13:47:52:665;0,640975607185396;330,640975607185;0;0,00479547;0,005019478
13:47:52:682;0,12363423898239;330,123634238982;0;0,00212797;0,0023461
13:47:52:698;0,285952680806474;330,285952680806;0;0,002601206;0,002591191
13:47:52:715;0,949899369455807;329,050100630544;16;0,005990151;0,003708065
13:47:52:731;0,613612523560107;330,61361252356;15;0,003160836;0,002864062
13:47:52:748;0,732132486504156;330,732132486504;16;0,002120014;0,00328343
13:47:52:765;1,05672626401662;331,056726264017;15;0,001474708;0,004239647
13:47:52:781;0,0608244468378416;329,939175553162;16;0,005400984;0,003139358
13:47:52:798;0,832612451240948;330,832612451241;16;0,001797066;0,003403046
13:47:52:815;0,253067100958503;329,746932899042;15;0,005300389;0,00569953
13:47:52:832;0,883646603917725;329,116353396082;0;0,00325148;0,001021754
13:47:52:850;0,763723038294586;329,236276961705;0;0,001876103;0,00581068
13:47:52:865;0,511756545544358;329,488243454456;0;0,001870812;0,005078088
13:47:52:881;0,682719325504934;329,317280674495;0;0,001498214;0,002459199
13:47:52:898;1,25298536702451;328,747014632975;0;0,003936915;0,002773436
13:47:52:915;0,511984087942949;330,511984087943;0;0,001407911;0,01075696
13:47:52:932;0,671613900172076;329,328386099828;0;0,003749917;0,002241156
13:47:52:948;0,249751033300413;329,7502489667;0;0,002847033;0,005549141
13:47:52:965;0,97612694756981;329,02387305243;16;0,004464888;0,004883288
13:47:52:982;0,229608665356864;329,770391334643;15;0,002342304;0,00562811
13:47:52:997;0,550273171036281;329,449726828964;16;0,005155375;0,01133826
13:47:53:014;0,309551166883864;329,690448833116;15;0,002008151;0,003323789
13:47:53:031;1,32997640277205;331,329976402772;16;0,002053964;0,008980394
13:47:53:048;1,86698439530755;328,133015604692;16;0,008662006;0,00411334
13:47:53:064;1,51933914541638;331,519339145416;15;0,00730732;0,007299311
13:47:53:081;1,19496542784344;328,805034572157;16;0,009704336;0,006616927
13:47:53:098;2,63634000708453;327,363659992915;0;0,005008545;0,004603264
13:47:53:114;1,09143714404337;331,091437144043;0;0,008114813;0,005167111
13:47:53:131;0,390546530400229;329,6094534696;0;0,00457044;0,004541906
13:47:53:148;0,331717883530416;329,66828211647;0;0,004827789;0,008537681
13:47:53:164;0,524336867468605;330,524336867469;0;0,004667401;0,00452504
13:47:53:182;0,591633554352029;330,591633554352;0;0,002891066;0,005239659
13:47:53:198;0,79866512603752;329,201334873962;0;0,005648938;0,004080962
13:47:53:214;0,944349889896785;330,944349889897;16;0,00465237;0,004261152
13:47:53:231;0,344098377269631;330,34409837727;15;0,003445853;0,004229212
13:47:53:248;0,42018495493005;330,42018495493;16;0,003151375;0,004141167
13:47:53:265;1,04145900985094;328,958540990149;15;0,00548658;0,005183437
13:47:53:280;0,262338524163226;330,262338524163;16;0,003907336;0,00434279
13:47:53:298;1,05560700476531;328,944392995235;16;0,003706103;0,004913591
13:47:53:315;1,29344759547865;328,706552404521;15;0,003003955;0,00420919
13:47:53:331;0,857933721914208;329,142066278086;16;0,003656458;0,004728546
13:47:53:347;0,789973917109194;329,210026082891;0;0,003071251;0,004272937
13:47:53:364;1,24495012875957;331,24495012876;0;0,008655451;0,006971859
13:47:53:381;2,05888871446052;332,058888714461;0;0,003583436;0,003431155
13:47:53:398;1,13820066745421;328,861799332546;0;0,00579173;0,00601327
13:47:53:415;0,674881377894167;330,674881377894;0;0,005296852;0,002754326
13:47:53:432;0,3635970282009;330,363597028201;0;0,003259506;0,00510416
13:47:53:448;1,31748083622409;331,317480836224;0;0,004155335;0,004742886
13:47:53:464;0,916286324710143;329,08371367529;16;0,002268483;0,002889704
13:47:53:481;0,417928162779106;330,417928162779;15;0,003313831;0,00220456
13:47:53:498;2,04980136459255;332,049801364593;16;0,008313384;0,006125978
13:47:53:514;1,3920430566647;328,607956943335;15;0,00321925;0,007713421
13:47:53:530;0,986353583076664;330,986353583077;16;0,00806212;0,003480484
13:47:53:547;0,346101346829641;329,65389865317;16;0,001533722;0,003763811
13:47:53:565;2,37478917754993;332,37478917755;15;0,009177261;0,004011428
13:47:53:581;1,06879823542312;331,068798235423;16;0,001692252;0,009307974
13:47:53:598;0,872731973579107;330,872731973579;0;0,001516485;0,001800624
13:47:53:615;0,56911646859777;329,430883531402;0;0,001263681;0,007182206
13:47:53:631;0,398740023541166;330,398740023541;0;0,004442865;0,002171071
13:47:53:648;0,292767910690202;329,70723208931;0;0,002791279;0,005104235
13:47:53:664;0,550817788985341;329,449182211015;0;0,004831069;0,005755554
13:47:53:681;1,7441696555727;331,744169655573;0;0,006110455;0,001959129
13:47:53:698;1,05119393294729;328,948806067053;0;0,002829115;0,006314503
13:47:53:731;0,311394003333589;329,688605996666;31;0,00689226;0,003530384
13:47:53:748;0,108492253572479;330,108492253572;16;0,008441535;0,01386839
13:47:53:765;0,00804584273811315;330,008045842738;15;0,003405554;0,006771329
13:47:53:782;0,99885437099465;330,998854370995;16;0,004231318;0,001818592
13:47:53:798;1,55718730976446;331,557187309764;16;0,003071275;0,005124364
13:47:53:815;1,03245809755629;328,967541902444;15;0,0003809591;0,01080835
13:47:53:831;0,612572393379651;330,61257239338;0;0,006897521;0,003653337
13:47:53:847;0,122657948326719;329,877342051673;0;0,0006936686;0,002121764
13:47:53:864;0,921307176372693;330,921307176373;0;0,005091317;0,00415313
13:47:53:881;1,02860561045384;331,028605610454;0;0,001251972;0,001561877
13:47:53:898;1,39802651903699;328,601973480963;0;0,001314819;0,01011861
13:47:53:914;0,258088837307184;330,258088837307;0;0,005571169;0,001704526
13:47:53:931;0,345847698097145;330,345847698097;0;0,002084065;0,004830197
13:47:53:948;0,405049977796978;330,405049977797;0;0,001446757;0,001667681
13:47:53:964;0,563556083117135;329,436443916883;16;0,0003934931;0,008168723
13:47:53:981;0,213758728044695;330,213758728045;15;0,0005148809;0,002009504
13:47:53:998;0,646937939876466;330,646937939876;16;0,0006738994;0,003492472
13:47:54:014;1,19673973249007;331,19673973249;15;0,001294015;0,002386597
13:47:54:031;1,22685861403494;331,226858614035;16;0,0008796456;0,003413787
13:47:54:048;1,1398200473073;331,139820047307;16;0,002599553;0,008138147
13:47:54:064;0,89506260720151;330,895062607202;15;0,003425518;0,001904927
13:47:54:081;0,02007495313768;330,020074953138;0;0,005569637;0,008030713
13:47:54:098;1,9370953014103;331,93709530141;0;0,00457069;0,002290351
13:47:54:114;1,21357433173637;331,213574331736;0;0,005123838;0,006729879
13:47:54:131;1,31083376664299;331,310833766643;0;0,00597332;0,007688173
13:47:54:148;1,17823691401918;331,178236914019;0;0,002794504;0,00327911
13:47:54:164;3,3417770082753;333,341777008275;0;0,002708687;0,007570948
13:47:54:181;2,42483304517407;332,424833045174;0;0,007522787;0,006988757
13:47:54:198;2,1676836581828;332,167683658183;0;0,005320307;0,006356855
13:47:54:214;2,26154446550345;332,261544465503;16;0,004707615;0,005422142
13:47:54:231;4,9905290226298;334,99052902263;15;0,002654294;0,01016835
13:47:54:248;1,11635356680938;331,116353566809;16;0,0112634;0,003938833
13:47:54:265;0,0130280946604557;329,98697190534;15;0,00779784;0,007305895
13:47:54:281;3,16538486129383;333,165384861294;16;0,004804053;0,006501269
13:47:54:298;1,30280377295827;331,302803772958;16;0,01016955;0,007237707
13:47:54:314;2,80729151012531;332,807291510125;15;0,004020425;0,006669207
13:47:54:331;2,27428726425404;332,274287264254;16;0,006892121;0,004755208
13:47:54:348;1,95807916568577;331,958079165686;0;0,005533566;0,006316792
13:47:54:364;2,22176568924982;332,22176568925;0;0,003814979;0,003992681
13:47:54:381;2,48609424962234;332,486094249622;0;0,00462418;0,005766707
13:47:54:398;3,33446242990749;333,334462429907;0;0,004372859;0,00524305
13:47:54:414;2,47341596314084;332,473415963141;0;0,006146329;0,00589685
13:47:54:431;2,11724169271139;332,117241692711;0;0,005310824;0,00458301
13:47:54:448;3,15544587985397;333,155445879854;0;0,004310738;0,004680231
13:47:54:464;4,09220454060551;334,092204540606;16;0,004334323;0,007655238
13:47:54:481;2,13510901681457;332,135109016815;15;0,006228505;0,005110402
13:47:54:498;2,54261980982028;332,54261980982;16;0,003661569;0,004221739
13:47:54:514;2,03363817901379;332,033638179014;15;0,004406635;0,004114512
13:47:54:531;2,26868336404044;332,26868336404;16;0,003537922;0,00558401
13:47:54:548;0,891274475398859;330,891274475399;16;0,006948765;0,004935726
13:47:54:564;2,75970722829879;332,759707228299;15;0,005372035;0,004280492
13:47:54:581;0,624499801370973;330,624499801371;16;0,008320248;0,005588856
13:47:54:598;2,36450005126164;332,364500051262;0;0,004155816;0,006304361
13:47:54:615;0,165063375907607;330,165063375908;0;0,008272341;0,004312
13:47:54:631;2,55812167075925;332,558121670759;0;0,006631591;0,003535595
13:47:54:647;2,3568603643206;332,356860364321;0;0,00293174;0,003248707
13:47:54:664;2,53413674519504;332,534136745195;0;0,002018302;0,003334286
13:47:54:681;2,25346501689341;332,253465016893;0;0,002295485;0,002056088
13:47:54:697;1,45720371320397;331,457203713204;0;0,001754618;0,003380114
13:47:54:714;1,38877512529587;331,388775125296;16;0,002923718;0,005789357
13:47:54:731;1,16428778085833;331,164287780858;15;0,001435477;0,002779572
13:47:54:748;0,699720909271605;330,699720909272;16;0,002536352;0,004428071
13:47:54:764;0,585011602531722;330,585011602532;15;0,0009011469;0,003335576
13:47:54:781;0,493866693068412;330,493866693068;16;0,002245286;0,002946975
13:47:54:798;0,2124937408135;329,787506259187;16;0,002554293;0,0004789175
13:47:54:814;0,332217556406363;329,667782443594;15;0,001647413;0,001983903
13:47:54:831;0,325516494864075;330,325516494864;16;0,002277399;0,001603751
13:47:54:848;0,355221358369363;330,355221358369;0;0,001703623;0,002928353
13:47:54:864;0,340232155858132;330,340232155858;0;0,002142796;0,003637744
13:47:54:880;0,474874227554324;330,474874227554;0;0,002620371;0,006930781
13:47:54:897;2,20331847680035;332,2033184768;0;0,006095636;0,002798634
13:47:54:914;0,0485867616006885;330,048586761601;0;0,00675827;0,003727338
13:47:54:930;0,129592664485244;330,129592664485;0;0,004938893;0,005387464
13:47:54:947;1,36713358943285;328,632866410567;0;0,002877723;0,003862391
13:47:54:964;0,638380304091584;330,638380304092;16;0,006325529;0,004619175
13:47:54:981;1,61277994138084;328,387220058619;15;0,004519208;0,004378949
13:47:54:998;0,885262850106471;329,114737149894;16;0,005878282;0,006637505
13:47:55:014;0,361922728095919;329,638077271904;15;0,006161968;0,006030935
13:47:55:031;0,827038941092837;329,172961058907;16;0,004729447;0,007076927
13:47:55:047;1,7685824161706;328,231417583829;16;0,004797782;0,005757269
13:47:55:064;1,81938511500624;328,180614884994;15;0,005343394;0,006265185
13:47:55:081;2,07746914596248;327,922530854038;16;0,005059802;0,007557069
13:47:55:097;1,69066495146012;328,30933504854;0;0,006273843;0,006299838
13:47:55:114;1,57630582592464;328,423694174075;0;0,006277581;0,006565112
13:47:55:131;2,10664065214633;327,893359347854;0;0,005943978;0,006656819
13:47:55:147;1,65916328915677;328,340836710843;0;0,006428391;0,0063776
13:47:55:164;2,4657865291353;327,534213470865;0;0,005674514;0,006740561
13:47:55:181;2,12090775423428;327,879092245766;0;0,007348487;0,006949969
13:47:55:198;1,86525288454027;328,13474711546;0;0,006534305;0,006653365
13:47:55:213;4,0821914315286;325,917808568471;16;0,005555923;0,007899797
13:47:55:231;2,6543580530028;327,345641946997;15;0,007994404;0,008012794
13:47:55:248;1,85439536297054;328,145604637029;16;0,007713454;0,007394142
13:47:55:264;4,30146693138204;325,698533068618;15;0,006061348;0,006992919
13:47:55:281;1,90533031725556;328,094669682744;16;0,01249351;0,008991623
13:47:55:297;0,994491379235512;329,005508620764;16;0,007144726;0,006226751
13:47:55:314;2,64148200165687;327,358517998343;15;0,005469113;0,007332944
13:47:55:331;0,546727852258982;329,453272147741;0;0,00871016;0,006088125
13:47:55:348;3,29302741421452;326,706972585785;0;0,004865973;0,007334283
13:47:55:363;0,979714855862767;329,020285144137;0;0,009586091;0,006136747
13:47:55:380;3,11033333017946;326,889666669821;0;0,005951007;0,005978934
13:47:55:397;0,690574005786743;329,309425994213;0;0,01112518;0,006964859
13:47:55:414;3,25960656052695;326,740393439473;0;0,005141228;0,006667744
13:47:55:430;2,60973744155035;327,39026255845;0;0,005478999;0,006694071
13:47:55:447;0,0768470780481607;330,076847078048;0;0,01011313;0,005968267
13:47:55:464;3,33443024983023;326,66556975017;0;0,005675743;0,007330161
13:47:55:481;2,39633815136915;327,603661848631;15;0,006379708;0,005497473
13:47:55:497;3,72071502185651;326,279284978143;16;0,005367416;0,006475831
13:47:55:514;2,28761983442638;327,712380165574;15;0,00552999;0,006190835
13:47:55:530;0,307635831072901;329,692364168927;16;0,007062524;0,005541913
13:47:55:547;3,50865986259862;326,491340137401;16;0,004660053;0,00596678
13:47:55:563;3,14596016947633;326,854039830524;15;0,006100204;0,005556235
13:47:55:580;1,77857086447756;328,221429135522;16;0,005858263;0,005302147
13:47:55:597;3,02704567605463;326,972954323945;16;0,003840417;0,005631384
13:47:55:613;0,094379015094205;329,905620984906;0;0,009035986;0,005305338
13:47:55:630;0,248892330497483;329,751107669503;0;0,003492144;0,004397071
13:47:55:647;0,787316091133505;330,787316091134;0;0,004531686;0,004365876
13:47:55:664;0,607993727347946;329,392006272652;0;0,005165013;0,004691528
13:47:55:680;3,83832278429077;326,161677215709;0;0,001989816;0,006090294
13:47:55:697;1,86972132062118;331,869721320621;0;0,01175878;0,002985978
13:47:55:714;0,174046485397128;330,174046485397;0;0,003715126;0,002464
13:47:55:731;5,13955683024017;324,86044316976;15;0,006702553;0,002914142
13:47:55:747;1,55942362051854;331,559423620519;16;0,01126612;0,001341353
13:47:55:764;0,375088075874032;330,375088075874;15;0,002538051;0,006547082
13:47:55:780;0,167592470346904;330,167592470347;16;0,0007109385;0,00156941
13:47:55:797;1,71599110148247;328,284008898518;16;0,003037228;0,00256669
13:47:55:814;0,598981875994355;329,401018124006;15;0,002719469;0,0006922424
13:47:55:831;0,0854300454286658;330,085430045429;16;0,001468811;0,0006767051
13:47:55:847;3,45550952415635;326,544490475844;16;0,003950731;0,004156796
13:47:55:864;1,9009979111716;328,099002088828;0;0;0,002939923
13:47:55:881;0,377552080211672;329,622447919788;0;0,0003704854;0,002184549
13:47:55:897;5,19939994117186;324,800600058828;0;0,007377123;0,001191273
13:47:55:914;0,708651411310484;329,29134858869;0;0,006206891;0,002390802
13:47:55:930;1,45596948571324;328,544030514287;0;0,001996703;0,00145337
13:47:55:947;3,42800072625192;326,571999273748;0;0,002524736;0,003745852
13:47:55:963;3,91344449954818;326,086555500452;0;0,003778848;0,002526942
13:47:55:980;2,20847771435814;332,208477714358;15;0,009588305;0,00356877
13:47:56:030;1,72503195939549;331,725031959395;47;0,01238959;0,02269421
13:47:56:047;1,4122905309805;331,412290530981;16;0,02442912;0,03227602
13:47:56:064;1,14197827297647;328,858021727024;15;0,009315331;0,00763047
13:47:56:080;0,746950581953115;330,746950581953;16;0,005084755;0,003657873
13:47:56:097;0,855124910495704;329,144875089504;0;0,009043521;0,005938886
13:47:56:114;2,95203313603002;332,95203313603;0;0,004825896;0,004836671
13:47:56:130;2,64390142043453;332,643901420435;0;0,007723455;0,008917885
13:47:56:146;1,35690987081;331,35690987081;0;0,004044367;0,004260889
13:47:56:164;3,72786756843431;333,727867568434;0;0,004234653;0,008504806
13:47:56:180;0,641965874163475;329,358034125837;0;0,00971783;0,006718556
13:47:56:197;2,91424907895112;332,914249078951;0;0,005261982;0,00795041
13:47:56:214;1,46882633280239;331,468826332802;0;0,01004095;0,008653229
13:47:56:230;0,0539847191919876;329,946015280808;15;0,006040465;0,004815791
13:47:56:247;1,97961560695467;331,979615606955;16;0,004162279;0,006941751
13:47:56:264;1,41214182576266;331,412141825763;15;0,006879019;0,00643033
13:47:56:280;0,883428092879797;330,88342809288;16;0,005352822;0,005393009
13:47:56:297;0,131591154768103;330,131591154768;16;0,006129684;0,005169502
13:47:56:313;0,219051070353032;330,219051070353;15;0,004911815;0,005257323
13:47:56:330;0,866622620767771;329,133377379232;16;0,008551888;0,008798544
13:47:56:347;3,84991036164308;333,849910361643;16;0,005914321;0,006563174
13:47:56:363;1,89635484058351;328,103645159416;0;0,0109801;0,005826544
13:47:56:380;0,107912712342113;330,107912712342;0;0,004434401;0,006534586
13:47:56:397;3,60847136649346;333,608471366493;0;0,004482174;0,008883342
13:47:56:414;1,78526854434682;331,785268544347;0;0,01002022;0,007596828
13:47:56:430;2,4286286117636;332,428628611764;0;0,004421432;0,007396017
13:47:56:447;2,1545827513965;332,154582751397;0;0,007423341;0,006900455
13:47:56:480;5,53067091562878;335,530670915629;31;0,01492528;0,02059567
13:47:56:516;2,22119381557604;327,778806184424;0;0,04869311;0,05096153
13:47:56:530;0,167470900471642;329,832529099528;16;0,01145804;0,01880825
13:47:56:547;1,84787530268687;331,847875302687;16;0,005043682;0,006066476
13:47:56:564;1,40699546937856;331,406995469379;15;0,0077835;0,007877578
13:47:56:580;1,24959827292611;331,249598272926;16;0,006513908;0,006841633
13:47:56:597;2,42372707532473;332,423727075325;16;0,004668821;0,006964718
13:47:56:614;0,154872972127293;330,154872972127;0;0,01125209;0,007610624
13:47:56:630;3,28700827747406;333,287008277474;0;0,004860455;0,007294043
13:47:56:647;4,26226585451525;334,262265854515;0;0,004755409;0,007281655
13:47:56:663;2,94830261078619;332,948302610786;0;0,008043702;0,006120692
13:47:56:680;3,71736935642997;333,71736935643;0;0,005729137;0,006672963
13:47:56:697;2,29405448439974;332,2940544844;0;0,006492972;0,007648476
13:47:56:713;1,93112769375568;331,931127693756;0;0,00690146;0,006911954
13:47:56:730;3,29590304671831;333,295903046718;15;0,004722562;0,006124354
13:47:56:746;3,13388819209871;333,133888192099;16;0,005010794;0,005721707
13:47:56:773;1,9503865686836;328,049613431316;15;0,02523249;0,02285844
13:47:56:790;0,848272631461214;329,151727368539;0;0,003718119;0,005538843
13:47:56:807;0,349873572869171;329,650126427131;0;0,004515526;0,006385932
13:47:56:824;2,3321680330763;327,667831966924;16;0,007010391;0,005649155
13:47:56:840;0,511670731326888;329,488329268673;16;0,003343931;0,005945574
13:47:56:856;0,323402214692919;329,676597785307;15;0,00395333;0,004221865
13:47:56:873;0,139161031138144;330,139161031138;16;0,00411876;0,005287812
13:47:56:890;1,75576973505832;328,244230264942;15;0,006306037;0,004367692
13:47:56:907;0,381586187628045;330,381586187628;16;0,002907265;0,005100188
13:47:56:924;1,84127829919157;328,158721700808;16;0,006960248;0,00307618
13:47:56:941;0,480048635864478;330,480048635864;0;0,004814789;0,002930383
13:47:56:956;0,438128023485149;329,561871976515;0;0,005376288;0,003680064
13:47:56:973;0,605881016402748;330,605881016403;0;0,002937323;0,004058228
13:47:56:989;1,31229916615098;331,312299166151;0;0,00157638;0,002293663
13:47:57:006;0,0500397585924475;329,949960241408;0;0,005516895;0,002463151
13:47:57:023;0,878203431076315;329,121796568924;0;0,003221398;0,002911068
13:47:57:040;0,471565554611288;330,471565554611;0;0,001920103;0,003403775
13:47:57:057;0,135003603765483;330,135003603765;0;0,002083327;0,00202433
13:47:57:074;0,244113594958264;330,244113594958;0;0,00254013;0,002882584
13:47:57:090;0,543709859587864;329,456290140412;16;0,004587482;0,003181994
13:47:57:112;0,524043333447139;330,524043333447;15;0,001794548;0,002094277
13:47:57:123;1,84038139743984;331,84038139744;0;0,002290389;0,00284755
13:47:57:140;0,917897564936766;330,917897564937;15;0,005056194;0,002671062
13:47:57:157;1,69272022076831;331,692720220768;16;0,001486062;0,002080527
13:47:57:173;0,565100847305359;330,565100847305;16;0,005276529;0,003920217
13:47:57:189;1,06537040695122;331,065370406951;0;0,001139172;0,003680534
13:47:57:206;2,40887827461199;332,408878274612;0;0,002836327;0,002457638
13:47:57:223;2,31121991461043;332,31121991461;0;0,002953451;0,003789303
13:47:57:240;0,214283603092611;330,214283603093;0;0,007389545;0,007152239
13:47:57:257;1,94295242627129;331,942952426271;0;0,003784843;0,004693413
13:47:57:274;0,921089918442362;330,921089918442;0;0,004263353;0,006248574
13:47:57:289;2,22566917256518;332,225669172565;0;0,004192274;0,007560678
13:47:57:307;2,47675264970837;332,476752649708;0;0,003582462;0,006346033
13:47:57:323;3,20793450886498;333,207934508865;16;0,004320249;0,006327195
13:47:57:339;3,2448650275162;333,244865027516;16;0,004530744;0,009415634
13:47:57:356;2,88055934749246;332,880559347492;15;0,004439465;0,006918607
13:47:57:373;1,92887607135685;331,928876071357;16;0,004028635;0,007021689
13:47:57:389;2,82275619355465;332,822756193555;15;0,004597507;0,007182902
13:47:57:406;2,34150492045126;332,341504920451;16;0,004582865;0,007428619
13:47:57:423;3,46657308170597;333,466573081706;16;0,00513609;0,007449359
13:47:57:440;3,26680413319872;333,266804133199;15;0,005348622;0,00792165
13:47:57:457;0,287781347162138;330,287781347162;0;0,006546434;0,006532504
13:47:57:473;2,69077039304614;332,690770393046;0;0,008176764;0,006262395
13:47:57:489;2,28476238309997;332,2847623831;0;0,004517194;0,006290254
13:47:57:506;3,98624816888292;333,986248168883;0;0,006188309;0,005967241
13:47:57:523;2,95095452337438;332,950954523374;0;0,004537973;0,006268866
13:47:57:540;2,14704915523839;332,147049155238;0;0,005083645;0,007147545
13:47:57:556;2,45210835181081;332,452108351811;0;0,00520602;0,00577278
13:47:57:573;3,67633520667727;333,676335206677;0;0,007050231;0,006309704
13:47:57:590;2,56706319800804;332,567063198008;16;0,005188388;0,006212435
13:47:57:606;3,35269081419602;333,352690814196;15;0,007245362;0,00724178
13:47:57:623;2,73527328071651;332,735273280717;16;0,004779154;0,005541924
13:47:57:640;2,47501466018593;332,475014660186;15;0,004468899;0,005324597
13:47:57:657;3,65783943741667;333,657839437417;16;0,008118072;0,006083212
13:47:57:673;5,35257398383214;335,352573983832;16;0,008087779;0,00566144
13:47:57:690;1,45546015777666;331,455460157777;0;0,005508733;0,006716755
13:47:57:706;5,9174285884373;335,917428588437;0;0,01300482;0,004776446
13:47:57:723;1,20704274608755;331,207042746088;0;0,005999054;0,00609951
13:47:57:740;3,24394323346064;333,243943233461;0;0,008448291;0,005008062
13:47:57:757;2,54045168005524;332,540451680055;0;0,003618276;0,004295282
13:47:57:773;2,50375394079884;332,503753940799;0;0,007051057;0,00792616
13:47:57:789;1,61471613031813;331,614716130318;0;0,004334201;0,005117319
13:47:57:806;2,22386199779601;332,223861997796;0;0,00687584;0,005279683
13:47:57:823;2,25130280820872;332,251302808209;0;0,005664911;0,005806656
13:47:57:840;1,24510860610843;331,245108606108;16;0,00419283;0,005707327
13:47:57:863;1,8711091874149;331,871109187415;15;0,006905804;0,006565105
13:47:57:873;0,463259666204578;329,536740333795;0;0,003557589;0,005533094
13:47:57:890;1,86472797399733;331,864727973997;15;0,01041254;0,008558968
13:47:57:906;3,04064328180397;333,040643281804;16;0,004231059;0,008086685
13:47:57:923;2,29073089960474;332,290730899605;16;0,005277774;0,008568169
13:47:57:940;1,66030834792679;331,660308347927;0;0,003802978;0,005521181
13:47:57:956;1,09327394439811;331,093273944398;0;0,003001082;0,005124643
13:47:57:972;0,67076715253063;330,670767152531;0;0,004106903;0,007136136
13:47:57:989;0,123316640215933;330,123316640216;0;0,00406112;0,006902059
13:47:58:006;1,16346712066883;328,836532879331;0;0,005014457;0,005574266
13:47:58:024;0,0231797172642132;330,023179717264;0;0,003942972;0,005735174
13:47:58:039;0,81059776123567;329,189402238764;0;0,003913866;0,006709695
13:47:58:056;1,03718185932149;331,037181859321;0;0,003673344;0,007319642
13:47:58:073;2,65686444273013;327,34313555727;0;0,006344849;0,008803321
13:47:58:090;0,868580067170853;330,868580067171;16;0,006306875;0,006294401
13:47:58:106;0,590482971760537;330,590482971761;15;0,005121029;0,008264001
13:47:58:123;0,297491543083993;329,702508456916;16;0,003895271;0,005950438
13:47:58:139;1,05967956326236;328,940320436738;15;0,005537013;0,007051541
13:47:58:156;0,110860329628224;329,889139670372;16;0,00284772;0,006381039
13:47:58:173;0,166400911133792;329,833599088866;16;0,004740058;0,005306295
13:47:58:189;0,702870878433714;329,297129121566;0;0,003500331;0,004864387
13:47:58:205;1,03956715428478;328,960432845715;0;0,004646827;0,006262909
13:47:58:223;2,67767883139919;327,322321168601;0;0,007569127;0,006606084
13:47:58:239;0,874724863283916;330,874724863284;0;0,004755121;0,005846133
13:47:58:256;0,269958659882604;329,730041340117;0;0,006190531;0,004715073
13:47:58:273;2,33888308464236;327,661116915358;0;0,006503323;0,004368404
13:47:58:290;1,85214632428301;328,147853675717;0;0,004007191;0,00571178
13:47:58:306;2,03816671558195;327,961833284418;0;0,004471509;0,004457964
13:47:58:323;0,217817340755857;329,782182659244;0;0,003138964;0,006011177
13:47:58:339;0,91426192190778;329,085738078092;16;0,004398049;0,005232544
13:47:58:356;2,18612707265191;327,813872927348;15;0,005901848;0,004062418
13:47:58:373;1,54944934940704;328,450550650593;16;0,003227294;0,004040786
13:47:58:389;1,96396584715524;328,036034152845;15;0,005727552;0,006687776
13:47:58:406;2,47569113340637;327,524308866594;16;0,003499803;0,002947876
13:47:58:423;1,38352962662879;328,616470373371;16;0,004265702;0,00873685
13:47:58:439;0,563959003301136;329,436040996699;0;0,00288691;0,004158442
13:47:58:456;0,914650516132895;329,085349483867;0;0,005471837;0,005508065
13:47:58:477;2,71571062070296;327,284289379297;0;0,007117292;0,004521977
13:47:58:489;2,37983008127236;327,620169918728;0;0,0031704;0,003931776
13:47:58:506;0,975758231868099;330,975758231868;0;0,004584026;0,004405933
13:47:58:523;2,45770463946383;327,542295360536;0;0,01196004;0,007277241
13:47:58:539;2,33565617113493;327,664343828865;0;0,002374006;0,00358792
13:47:58:556;1,59142596862557;328,408574031374;0;0,003463364;0,00549602
13:47:58:572;0,594931745709687;329,40506825429;0;0,002459579;0,00295061
13:47:58:589;1,78394388350546;328,216056116495;16;0,006575477;0,005610657
13:47:58:606;0,228391347291563;330,228391347292;15;0,002909256;0,004860521
13:47:58:623;2,11284536723258;327,887154632767;16;0,007388029;0,004137384
13:47:58:639;0,278276469471734;329,721723530528;15;0,002768347;0,00459348
13:47:58:656;1,66188927001508;328,338110729985;16;0,005037981;0,004058993
13:47:58:672;1,4039377135561;328,596062286444;16;0,003070371;0,004055697
13:47:58:689;0,860663596715312;330,860663596715;15;0,003679906;0,004666923
13:47:58:706;0,737228215559412;329,262771784441;0;0,004742823;0,004245848
13:47:58:722;0,0447607803095593;330,04476078031;0;0,004482972;0,006614128
13:47:58:739;0,671319589196173;330,671319589196;0;0,003444106;0,004293863
13:47:58:755;1,0455629149485;331,045562914949;0;0,003719885;0,005674791
13:47:58:773;0,302223990604318;329,697776009396;0;0,004326794;0,004801794
13:47:58:789;1,00748656838965;331,00748656839;0;0,003929939;0,005603816
13:47:58:806;0,751285542901371;330,751285542901;0;0,003699977;0,005313912
13:47:58:822;0,486819364466044;330,486819364466;0;0,004196266;0,00525834
13:47:58:839;1,49097770927682;328,509022290723;16;0,004743326;0,005296773
13:47:58:856;0,399646972150435;330,39964697215;15;0,00550685;0,005478193
13:47:58:873;0,196254486860255;330,19625448686;16;0,004355491;0,006126832
13:47:58:889;0,990665003744255;330,990665003744;15;0,004525119;0,005901856
13:47:58:906;0,689413253414443;330,689413253414;16;0,00412772;0,006168423
13:47:58:923;0,18338374077365;330,183383740774;16;0,004330046;0,006465289
13:47:58:939;0,986700867125421;330,986700867125;15;0,005709122;0,006691911
13:47:58:956;1,196475134553;328,803524865447;0;0,0036;0,007850879
13:47:58:973;0,313099453992379;330,313099453992;0;0,006491278;0,006195381
13:47:58:989;0,509802943731472;329,490197056269;0;0,004599051;0,007719987
13:47:59:006;1,40799934201294;331,407999342013;0;0,008464404;0,006972334
13:47:59:022;0,116863577745391;330,116863577745;0;0,003888273;0,005764842
13:47:59:039;1,3102645286628;331,310264528663;0;0,008714177;0,008496126
13:47:59:056;1,9123904667909;331,912390466791;0;0,005780696;0,005601398
13:47:59:072;1,25837604199324;328,741623958007;0;0,003761497;0,005012892
13:47:59:089;0,266044756841893;329,733955243158;16;0,009233368;0,0111721
13:47:59:106;1,29151170875565;331,291511708756;15;0,005895274;0,004311997
13:47:59:122;1,70237059312382;331,702370593124;16;0,006321526;0,006223746
13:47:59:139;0,824672658365387;329,175327341635;15;0,002162487;0,008473646
13:47:59:155;0,557006005695484;330,557006005695;16;0,006595949;0,003738516
13:47:59:172;1,65342347541394;328,346576524586;16;0,002363806;0,007626389
13:47:59:189;0,25269709927278;330,252697099273;15;0,00706039;0,002907317
13:47:59:206;0,504855852972923;329,495144147027;0;0,00266407;0,00427485
13:47:59:223;0,0335357824972107;329,966464217503;0;0,006822205;0,01022133
13:47:59:239;0,101541589175667;330,101541589176;0;0,002149887;0,002447915
13:47:59:255;1,37565554558569;331,375655545586;0;0,006486659;0,007099018
13:47:59:272;4,24423276710297;334,244232767103;0;0,009299448;0,002506114
13:47:59:289;0,812258532899477;329,187741467101;0;0,006349301;0,004161663
13:47:59:306;1,44366370561272;328,556336294387;0;0,002480567;0,004362294
13:47:59:322;1,25919819561466;328,740801804385;0;0,005683616;0,006400107
13:47:59:339;1,68765251546171;331,687652515462;16;0,005770485;0,004035985
13:47:59:355;0,647838311000442;329,352161689;15;0,002136505;0,003130803
13:47:59:372;0,896258257685588;329,103741742314;16;0,002549983;0,00377856
13:47:59:389;0,180358513073713;330,180358513074;15;0,005360701;0,003234692
13:47:59:406;0,593843707906444;330,593843707906;16;0,002554869;0,003795091
13:47:59:423;1,09414868869646;331,094148688696;16;0,002957424;0,003344022
13:47:59:439;2,50882507917868;327,491174920821;15;0,003468504;0,004099931
13:47:59:456;2,8331576477608;327,166842352239;0;0,004118426;0,006595172
13:47:59:472;3,25600301503607;326,743996984964;0;0,001450542;0,005050404
13:47:59:489;4,1144285567907;325,885571443209;0;0,003704627;0,006840116
13:47:59:506;2,15009027243536;327,849909727565;0;0,004769943;0,003913251
13:47:59:522;0,136241621443617;330,136241621444;0;0,0067801;0,004195244
13:47:59:539;2,47377701034583;327,526222989654;0;0,004512219;0,004053924
13:47:59:555;1,99701925975052;328,002980740249;0;0,002587631;0,003971538
13:47:59:572;4,4745955686634;325,525404431337;0;0,004220393;0,003353433
13:47:59:589;2,59327263323092;327,406727366769;16;0,003136822;0,004216881
13:47:59:606;1,29635624328546;328,703643756715;15;0,003783316;0,002622743
13:47:59:622;1,13812996996364;328,861870030036;16;0,001208612;0,006705905
13:47:59:639;3,37205583769662;326,627944162303;15;0,003176279;0,002379357
13:47:59:655;0,715339144055235;329,284660855945;16;0,004104593;0,006480141
13:47:59:672;3,56621124109074;326,433788758909;16;0,002975211;0,003943834
13:47:59:689;4,31729223079276;325,682707769207;15;0,00185125;0,004250288
13:47:59:706;6,32959210686511;323,670407893135;0;0,004537567;0,006733134
13:47:59:723;8,34447921059376;321,655520789406;0;0,002255312;0,005121326
13:47:59:739;6,07790566970942;323,922094330291;0;0,001848193;0,009016135
13:47:59:756;6,62874571336579;323,371254286634;0;0,001248356;0,005987066
13:47:59:772;6,27225714461309;323,727742855387;0;0,0009161302;0,006337204
13:47:59:789;8,59071721378365;321,409282786216;0;0,003499874;0,006857682
13:47:59:806;6,08184982490809;323,918150175092;0;0,001599525;0,009196751
13:47:59:822;7,25904814247679;322,740951857523;0;0,001968377;0,006117276
13:47:59:839;12,3270975477315;317,672902452269;16;0,005905589;0,00587012
13:47:59:856;12,2715011782086;317,728498821791;15;0,001313835;0,008209478
13:47:59:872;12,3604946672869;317,639505332713;16;0,0008667147;0,006092626
13:47:59:889;6,17236071729366;323,827639282706;15;0,004695731;0,01021746
13:47:59:906;5,38907215972841;324,610927840272;16;0,002023513;0,005995085
13:47:59:922;9,74337438871896;320,256625611281;16;0,00554239;0,006048561
13:47:59:939;12,9852697374893;317,014730262511;15;0,005421719;0,007986126
13:47:59:955;6,1999699498345;323,800030050166;0;0,008033074;0,007120741
13:47:59:972;13,0847161166781;316,915283883322;0;0,01025735;0,00715811
13:47:59:989;9,68972165344252;320,310278346557;0;0,001918732;0,008229237
13:48:00:005;9,56406696106058;320,435933038939;0;0,001295988;0,006353025
13:48:00:022;10,351804080169;319,648195919831;0;0,001358446;0,006194152
13:48:00:039;7,49700932683368;322,502990673166;0;0,002377621;0,005939578
13:48:00:056;8,98433859510271;321,015661404897;0;0,003070465;0,005027871
13:48:00:072;5,34353396179017;324,65646603821;0;0,002260891;0,005056787
13:48:00:089;1,60809217565151;328,391907824348;16;0,0004895762;0,007423222
13:48:00:105;1,83285137302073;331,832851373021;15;0,0007739803;0,004604055
13:48:00:172;4,96896675947886;325,031033240521;63;0,002735202;0,006626346
13:48:00:189;0,819196321164725;330,819196321165;15;0,002384185;0,005516634
13:48:00:205;0,945363230751582;329,054636769248;0;0,003914629;0,002520825
13:48:00:222;0,811499457612911;329,188500542387;0;0,004151439;0,004742328
13:48:00:255;6,07177151255837;323,928228487442;16;0,00270642;0,003613661
13:48:00:272;6,83266744495512;323,167332555045;0;0,001541774;0,0006515853
13:48:00:289;6,14523011395261;323,854769886047;0;0,0003883638;0,001442148
13:48:00:305;0,297956974550402;329,70204302545;0;0,004099628;0,002495111
13:48:00:322;0,536853178967931;330,536853178968;0;0,001587891;0,0006455742
13:48:00:339;4,17307602329748;325,826923976703;0;0,006384375;0,0009667569
13:48:00:355;2,36862528822746;327,631374711773;15;0,001850795;0,001397565
13:48:00:371;0,916334787019707;330,91633478702;16;0,001733082;0,002154786
13:48:00:389;4,52636180644629;325,473638193554;15;0,005840734;0,002386558
13:48:00:405;0,378588767449912;329,62141123255;16;0,003112986;0,002727746
13:48:00:422;4,60750401239295;334,607504012393;16;0,004977381;0,002857396
13:48:00:439;0,593563011796903;330,593563011797;15;0,003621161;0,004331145
13:48:00:455;0,671103989966809;329,328896010033;16;0,002690125;0,003769042
13:48:00:472;4,26278123238484;334,262781232385;0;0,003514379;0,003872288
13:48:00:488;4,24488597004535;334,244885970045;0;0,002358722;0,003886172
13:48:00:505;5,28802626668949;335,288026266689;0;0,003311253;0,005950596
13:48:00:521;1,86343177384276;328,136568226157;0;0,008864853;0,005899453
13:48:00:539;1,90727251144034;331,90727251144;0;0,002782343;0,005841906
13:48:00:555;8,03587764762318;338,035877647623;0;0,004602692;0,005646407
13:48:00:573;3,01725951690599;333,017259516906;0;0,002932614;0,01072825
13:48:00:588;1,26773495913159;328,732265040868;0;0,005310702;0,007492099
13:48:00:606;3,95028334169518;333,950283341695;15;0,006690568;0,008004768
13:48:00:622;4,04108227985273;334,041082279853;16;0,002852947;0,009275042
13:48:00:638;1,49028814426993;331,49028814427;15;0,002990258;0,009503308
13:48:00:655;4,27189428541834;334,271894285418;16;0,002991564;0,006708425
13:48:00:672;8,2923968232667;338,292396823267;16;0,007592017;0,0104677
13:48:00:689;3,31659664956288;333,316596649563;15;0,005504872;0,009837486
13:48:00:705;2,2750866524579;332,275086652458;0;0,003304945;0,01321139
13:48:00:722;4,91509931540583;334,915099315406;0;0,005536093;0,009384681
13:48:00:738;3,4076078274835;333,407607827484;0;0,002156539;0,01033026
13:48:00:755;3,11742418859143;333,117424188591;0;0,004005362;0,01186199
13:48:00:772;2,46580695124419;332,465806951244;0;0,004163709;0,01429246
13:48:00:788;4,24340972015028;334,24340972015;0;0,005738564;0,01068191
13:48:00:805;3,49113285805936;333,491132858059;0;0,002896304;0,01273426
13:48:00:822;1,59070650649545;331,590706506495;0;0,002978067;0,0160719
13:48:00:838;2,66198536883411;332,661985368834;0;0,002889839;0,00990602
13:48:00:855;0,454171714946256;330,454171714946;15;0,001620077;0,01267036
13:48:00:872;1,89474079863027;331,89474079863;16;0,007359288;0,01516759
13:48:00:889;0,669744381025566;330,669744381026;15;0,001215491;0,01114161
13:48:00:905;3,90699589899708;333,906995898997;16;0,009739656;0,0114673
13:48:00:922;1,37587756399421;331,375877563994;16;0,003395685;0,00878486
13:48:00:938;1,54669259979994;331,5466925998;15;0,004499679;0,008945691
13:48:00:955;0,573006315909254;330,573006315909;0;0,001384805;0,009831758
13:48:00:972;1,00339648954815;331,003396489548;0;0,004911255;0,01097962
13:48:00:988;1,5779479102664;331,577947910266;0;0,004967492;0,004851842
13:48:01:005;1,74128067078647;331,741280670786;0;0,003499457;0,004791338
13:48:01:022;0,849911115502607;330,849911115503;0;0,005261078;0,008874349
13:48:01:038;3,02432776790511;333,024327767905;0;0,008220167;0,006897986
13:48:01:055;1,40517015133844;331,405170151338;0;0,004336357;0,006651591
13:48:01:072;2,38153271007928;332,381532710079;0;0,006474498;0,008152775
13:48:01:088;1,94407288512264;331,944072885123;0;0,005330944;0,007841499
13:48:01:105;2,47975330546166;332,479753305462;15;0,006926768;0,009665009
13:48:01:122;3,13103088682084;333,131030886821;16;0,007573091;0,008774622
13:48:01:138;1,82648373535289;331,826483735353;15;0,005534939;0,01016677
13:48:01:155;1,95226200320178;331,952262003202;16;0,007524891;0,00977823
13:48:01:171;2,12481541661379;332,124815416614;16;0,006811388;0,009088541
13:48:01:189;2,29052717203871;332,290527172039;15;0,006788737;0,008988011
13:48:01:205;1,75680814620176;331,756808146202;16;0,00695216;0,010114
13:48:01:221;2,33981311526207;332,339813115262;0;0,009564864;0,0105805
13:48:01:238;0,869144090493194;330,869144090493;0;0,006406011;0,01141111
13:48:01:255;1,14128105838802;331,141281058388;0;0,008041928;0,009662573
13:48:01:272;3,97765518943936;333,977655189439;0;0,01286891;0,009725187
13:48:01:288;2,36643868705551;332,366438687056;0;0,006648441;0,00934407
13:48:01:305;2,10675598726402;332,106755987264;0;0,007222153;0,008217695
13:48:01:322;1,798804384709;331,798804384709;0;0,005339005;0,008076852
13:48:01:338;1,37426188520288;331,374261885203;0;0,005801391;0,007615226
13:48:01:354;1,39424104751686;331,394241047517;15;0,004281994;0,005829834
13:48:01:372;0,134858170691928;329,865141829308;16;0,003436899;0,004456337
13:48:01:388;1,97587594921367;331,975875949214;15;0,004578613;0,005237747
13:48:01:405;0,466803177365478;329,533196822635;16;0,005486873;0,00338656
13:48:01:421;1,61348176957648;331,613481769576;16;0,00610157;0,001204512
13:48:01:438;1,25971225401992;328,74028774598;15;0,009123754;0,006652032
13:48:01:455;3,09524482140972;333,09524482141;16;0,008392174;0,005786784
13:48:01:471;1,35210773118251;328,647892268817;0;0,01220819;0,004619894
13:48:01:488;0,127850403924811;330,127850403925;0;0,002788223;0,006614381
13:48:01:505;0,480613315794074;329,519386684206;0;0,00261219;0,008975961
13:48:01:521;0,638995708685684;330,638995708686;0;0,004081864;0,007196641
13:48:01:538;0,776455863664864;329,223544136335;0;0,006373009;0,007370318
13:48:01:555;0,381433034485497;330,381433034486;0;0,004645457;0,006426869
13:48:01:572;1,82486987939882;328,175130120601;0;0,009916751;0,007987196
13:48:01:588;0,374844424346122;329,625155575654;0;0,006301521;0,006261706
13:48:01:605;1,16960060275125;328,830399397249;15;0,007303662;0,006592725
13:48:01:622;0,328660729098033;330,328660729098;16;0,00579232;0,009762013
13:48:01:638;1,22035160923889;331,220351609239;15;0,006900156;0,008072899
13:48:01:655;0,71249055185848;330,712490551858;16;0,008412141;0,01049614
13:48:01:671;1,67193196830959;328,32806803169;16;0,00938552;0,01019553
13:48:01:688;2,02366626254064;327,976333737459;15;0,008845387;0,01261368
13:48:01:705;0,887347771387226;329,112652228613;16;0,007152887;0,009146938
13:48:01:721;1,64509620532397;328,354903794676;0;0,0101181;0,01293126
13:48:01:738;0,59383965059817;329,406160349402;0;0,007532469;0,009302498
13:48:01:755;0,392600536881048;329,607399463119;0;0,007545329;0,009513922
13:48:01:771;2,11664698026493;327,883353019735;0;0,009475429;0,008620691
13:48:01:788;0,443373604773399;329,556626395227;0;0,006893266;0,01103551
13:48:01:805;4,13904876833715;325,860951231663;0;0,01188722;0,007939497
13:48:01:821;1,57762872032953;328,42237127967;0;0,006985043;0,008149624
13:48:01:838;0,506654135198801;330,506654135199;0;0,006043778;0,01355049
13:48:01:855;0,322706484083369;330,322706484083;15;0,005821461;0,00651662
13:48:01:878;0,449265992196842;330,449265992197;16;0,007795605;0,01051662
13:48:01:895;2,66438735316228;332,664387353162;0;0,00466406;0,006968474
13:48:01:912;0,773217127721693;330,773217127722;0;0,007381876;0,007820686
13:48:01:927;2,05363380466275;332,053633804663;0;0,004594706;0,008537948
13:48:01:945;3,05582371973162;333,055823719732;0;0,004694025;0,006208416
13:48:01:962;1,77775542488166;331,777755424882;0;0,01139189;0,00854037
13:48:01:978;1,81218403183618;331,812184031836;0;0,005662042;0,007192288
13:48:01:995;3,44537139831385;333,445371398314;0;0,00450751;0,009134563
13:48:02:012;3,22567269199016;333,22567269199;15;0,006987083;0,007351474
13:48:02:028;3,70898803901588;333,708988039016;16;0,00504999;0,005514045
13:48:02:078;10,1136877942543;340,113687794254;47;0,02204339;0,03335344
13:48:02:095;3,31675489217264;333,316754892173;16;0,04631243;0,05842474
13:48:02:112;3,00349577975481;333,003495779755;15;0,007514244;0,007466907
13:48:02:128;3,59262576699507;333,592625766995;0;0,005281475;0,006939784
13:48:02:145;2,35331283220216;332,353312832202;0;0,009629583;0,007767361
13:48:02:178;5,98018552367279;335,980185523673;16;0,01283405;0,01800974
13:48:02:195;3,48096662957767;333,480966629578;0;0,02375717;0,03355073
13:48:02:211;3,09456230090433;333,094562300904;0;0,006071845;0,006646523
13:48:02:228;2,75567574075365;332,755675740754;0;0,005799438;0,006319472
13:48:02:245;2,64195243175806;332,641952431758;0;0,005921479;0,00608729
13:48:02:261;3,97457882556733;333,974578825567;15;0,004269258;0,007077015
13:48:02:277;3,27806850395888;333,278068503959;16;0,006180702;0,005498169
13:48:02:295;2,13619486252225;332,136194862522;16;0,005167558;0,004827508
13:48:02:311;2,22786694883092;332,227866948831;15;0,004169272;0,006234942
13:48:02:328;3,19647853974709;333,196478539747;16;0,004009762;0,004378553
13:48:02:345;2,95694690075919;332,956946900759;16;0,004112167;0,005289749
13:48:02:394;3,60749386785096;333,607493867851;46;0,00915553;0,01057418
13:48:02:411;1,65161971941069;331,651619719411;0;0,0102253;0,01151696
13:48:02:445;0,215734876020235;330,21573487602;15;0,006750824;0,007695912
13:48:02:462;0,500433637349431;329,499566362651;0;0,007174109;0,009252036
13:48:02:478;0,680085474227326;330,680085474227;0;0,007079236;0,005461583
13:48:02:495;1,10371490362746;328,896285096373;0;0,004580805;0,006007003
13:48:02:512;0,131274052073252;329,868725947927;15;0,008086553;0,006529703
13:48:02:538;2,96903846150639;332,969038461506;16;0,02468074;0,02279536
13:48:02:561;1,27661933979823;328,723380660202;15;0,01559844;0,01718389
13:48:02:577;0,264801050647861;330,264801050648;16;0,01068158;0,01006104
13:48:02:594;0,246622463077642;330,246622463078;16;0,009313405;0,0108332
13:48:02:628;7,18239033186222;322,817609668138;31;0,02455225;0,0307514
13:48:02:645;1,01145400783321;328,988545992167;0;0,040622;0,03848298
13:48:02:661;3,14043983148133;326,859560168519;0;0,007960372;0,01044116
13:48:02:678;3,02257712957731;326,977422870423;0;0,009966289;0,01020469
13:48:02:694;2,884087414855;327,115912585145;0;0,01055932;0,01054821
13:48:02:711;1,35097713903252;328,649022860967;0;0,01239158;0,01021603
13:48:02:728;3,58897005146571;326,411029948534;0;0,00662536;0,009305727
13:48:02:744;4,05387599008452;325,946124009915;0;0,009714229;0,01106294
13:48:02:761;0,145109182068154;329,854890817932;15;0,01394284;0,007718612
13:48:02:778;1,832532515987;328,167467484013;16;0,007174647;0,01022743
13:48:02:794;1,40867119960012;328,5913288004;16;0,007429473;0,006766877
13:48:02:811;0,284447483296162;329,715552516704;15;0,009715631;0,00864532
13:48:02:827;0,513672426037658;329,486327573962;16;0,006235819;0,006471332
13:48:02:844;0,209864365588373;329,790135634412;16;0,00711758;0,007297768
13:48:02:861;0,886527317022228;329,113472682978;15;0,005078734;0,00736036
13:48:02:878;0,536681482587596;329,463318517412;16;0,002195416;0,002732237
13:48:02:895;2,12525997351247;327,874740026488;0;0,001960773;0,008553909
13:48:02:911;0,222487655706459;329,777512344294;0;0,004850124;0,004405556
13:48:02:928;0,359572772714046;329,640427227286;0;0,001489767;0,004196378
13:48:02:944;0,676548304138237;330,676548304138;0;0,003863478;0,004441422
13:48:02:961;0,306986103023917;330,306986103024;0;0,001574232;0,00899637
13:48:02:978;0,636461048007504;329,363538951993;0;0,00402338;0,004746751
13:48:02:995;0,00070218354409235;330,000702183544;0;0,002261208;0,004958611
13:48:03:012;2,35264010513208;332,352640105132;15;0,002643035;0,005260632
13:48:03:028;2,18846846321071;332,188468463211;16;0,003914779;0,004707908
13:48:03:045;2,87479908106167;332,874799081062;16;0,005457289;0,00799555
13:48:03:061;0,662714507578869;330,662714507579;15;0,007096373;0,005775923
13:48:03:077;1,40566965475472;331,405669654755;16;0,005673175;0,006859124
13:48:03:094;3,77494246140407;333,774942461404;16;0,005102505;0,00815032
13:48:03:111;3,94142219761318;333,941422197613;15;0,006837022;0,007238795
13:48:03:127;0,655463321815546;330,655463321816;16;0,01304995;0,007614237
13:48:03:144;4,47904545041922;334,479045450419;0;0,006458389;0,01059497
13:48:03:161;6,42935285696558;336,429352856966;0;0,007325478;0,008809264
13:48:03:178;3,85575459177682;333,855754591777;0;0,01351106;0,009278401
13:48:03:194;2,91839634969978;332,9183963497;0;0,01207089;0,009687199
13:48:03:211;5,2066587258314;335,206658725831;0;0,007894603;0,01201523
13:48:03:227;5,80733001416945;335,807330014169;0;0,01059369;0,01235922
13:48:03:244;1,83771769988647;331,837717699886;0;0,01341016;0,01144644
13:48:03:261;2,82761193144927;332,827611931449;15;0,01043892;0,01218589
13:48:03:278;5,14701296171023;335,14701296171;16;0,006500998;0,01028987
13:48:03:294;5,17454071909708;335,174540719097;16;0,007891299;0,009093697
13:48:03:311;5,45524206647281;335,455242066473;15;0,0107776;0,0157187
13:48:03:328;3,8830460569805;333,883046056981;16;0,008823412;0,009277369
13:48:03:344;4,03242917428423;334,032429174284;16;0,007088443;0,009764138
13:48:03:360;4,6632535007297;334,66325350073;15;0,006406685;0,008258214
13:48:03:378;3,7034560686098;333,70345606861;16;0,007345567;0,006406498
13:48:03:394;3,44760506927958;333,44760506928;0;0,005421113;0,006321158
13:48:03:461;5,26639967349035;335,26639967349;47;0,007142193;0,01243077
13:48:03:477;1,21255021785692;331,212550217857;0;0,01886739;0,01759619
13:48:03:494;1,03651789939738;331,036517899397;0;0,001176277;0,001370762
13:48:03:511;1,70005759183908;331,700057591839;15;0,0030803;0,001224744
13:48:03:528;0,144423451252749;329,855576548747;16;0,00455557;0,003816072
13:48:03:545;0,596911069018006;330,596911069018;16;0,003092289;0,00209421
13:48:03:561;0,829135492273451;329,170864507727;15;0,002751313;0,002957792
13:48:03:578;1,23233614863392;328,767663851366;16;0,003318548;0,003360734
13:48:03:593;0,738297829206374;329,261702170794;16;0,004986261;0,00415587
13:48:03:611;0,0272247469386002;330,027224746939;15;0,005471609;0,005205466
13:48:03:628;0,911453483960429;329,08854651604;16;0,004641287;0,00563895
13:48:03:661;8,09836302079839;321,901636979202;16;0,02045654;0,02300537
13:48:03:678;2,58252747443589;327,417472525564;0;0,03136627;0,03092117
13:48:03:694;2,38894262061814;327,611057379382;0;0,006931849;0,006986421
13:48:03:711;2,14826069785761;327,851739302142;0;0,007976894;0,007923632
13:48:03:727;3,77768367849234;326,222316321508;0;0,006365058;0,008532923
13:48:03:744;2,98225181692715;327,017748183073;0;0,009589318;0,007982038
13:48:03:762;3,85777424856872;326,142225751431;0;0,00686015;0,007720638
13:48:03:778;3,87899053042435;326,121009469576;16;0,008863846;0,0105003
13:48:03:794;4,20676835887207;325,793231641128;16;0,008961974;0,009804105
13:48:03:811;3,09452253855761;326,905477461442;15;0,01057444;0,008435089
13:48:03:827;3,96955241826504;326,030447581735;16;0,008157679;0,009666576
13:48:03:843;4,39685174694642;325,603148253054;16;0,008694024;0,008543638
13:48:03:861;2,52763951379416;327,472360486206;15;0,01114612;0,009196091
13:48:03:877;5,1933125778985;324,806687422102;16;0,007583201;0,009288562
13:48:03:894;4,32169040988015;325,67830959012;15;0,01039339;0,009131518
13:48:03:911;4,76953104299133;325,230468957009;0;0,008012156;0,009066283
13:48:03:928;4,28990522035406;325,710094779646;0;0,008606295;0,008589869
13:48:03:944;4,87566777423962;325,12433222576;0;0,006567141;0,009481191
13:48:03:962;2,52050825230606;327,479491747694;0;0,01150324;0,009328239
13:48:03:978;2,26593425460987;327,73406574539;0;0,007583457;0,00948495
13:48:03:994;2,86598271782646;327,134017282174;0;0,0048312;0,006178652
13:48:04:011;0,638259462508415;329,361740537492;15;0,01107189;0,008789751
13:48:04:028;2,3424979096921;327,657502090308;16;0,004602461;0,009805975
13:48:04:044;0,956010407135238;329,043989592865;16;0,006970328;0,004580774
13:48:04:061;1,66952167905316;328,330478320947;15;0,004463047;0,005122135
13:48:04:077;1,42125275092201;328,578747249078;16;0,005026146;0,005008674
13:48:04:094;1,6088632401943;328,391136759806;16;0,003737711;0,004048031
13:48:04:111;1,52539608937605;328,474603910624;15;0,003797891;0,004583871
13:48:04:127;2,72164366149656;327,278356338503;16;0,003258399;0,004139591
13:48:04:144;2,54829824377123;327,451701756229;0;0,003803963;0,003379108
13:48:04:160;1,42217061478453;328,577829385215;0;0,005366622;0,003041146
13:48:04:178;1,23906400115686;328,760935998843;0;0,00262927;0,003597337
13:48:04:194;1,47226200799565;328,527737992004;0;0,00191253;0,001759299
13:48:04:211;1,4288575368617;328,571142463138;0;0,002054549;0,002492621
13:48:04:243;1,55852715891922;328,441472841081;15;0,003068582;0,007620682
13:48:04:261;0,462169105791077;330,462169105791;0;0,006216646;0,00386564
13:48:04:278;2,20543271180378;327,794567288196;16;0,005795277;0,003637521
13:48:04:294;1,33505954686257;328,664940453137;16;0,001808951;0,003445799
13:48:04:325;0,596866905509728;329,40313309449;15;0,001039934;0,0006312961
13:48:04:341;0,588980442636;330,588980442636;0;0,001686501;0,002334659
13:48:04:356;1,47109931451467;328,528900685485;0;0,004423822;0,0006984883
13:48:04:387;0,767853122441238;330,767853122441;31;0,004452114;0,002009809
13:48:04:406;0,361883084209751;330,36188308421;16;0,002821438;0,003767173
13:48:04:420;0,22126132123708;330,221261321237;16;0,001941953;0,002595183
13:48:04:438;0,777144212496466;330,777144212496;15;0,001085423;0,0006611759
13:48:04:453;0,256429908021858;330,256429908022;16;0,001188884;0,003269314
13:48:04:470;1,74092207005879;331,740922070059;16;0,0007534241;0,005529077
13:48:04:487;0,681270205966484;330,681270205966;0;0,003706216;0,002373229
13:48:04:504;1,10929392405194;328,890706075948;0;0,002569756;0,004634239
13:48:04:520;1,0681230747258;331,068123074726;0;0,003970264;0,002625057
13:48:04:537;0,633120588421662;330,633120588422;0;0,003041395;0,001425847
13:48:04:553;2,79727390499647;332,797273904996;0;0,004032036;0,001909468
13:48:04:570;0,796390346106534;329,203609653893;0;0,007175863;0,003064233
13:48:04:588;0,703381717138029;330,703381717138;0;0,003998173;0,001997828
13:48:04:604;2,46680995568698;332,466809955687;0;0,002831823;0,001758256
13:48:04:621;0,516310472384987;329,483689527615;16;0,006090478;0,005068351
13:48:04:637;1,37358537989661;331,373585379897;15;0,002121619;0,003465347
13:48:04:653;1,35309747728894;331,353097477289;16;0,001599294;0,0002176316
13:48:04:670;0,580522273025053;329,419477726975;16;0,005843377;0,001664858
13:48:04:687;1,10157331388427;331,101573313884;15;0,004853448;0,001682355
13:48:04:705;1,74053176954033;328,25946823046;16;0,005454191;0,001964336
13:48:04:720;1,09228578112106;331,092285781121;16;0,006476297;0,00192577
13:48:04:737;1,56784735169344;331,567847351693;0;0,001629173;0,001269436
13:48:04:754;1,35758617121098;331,357586171211;0;0,0008474213;0,003345008
13:48:04:770;0,594802478224324;330,594802478224;0;0,001866728;0,003529918
13:48:04:786;0,903396536973048;329,096603463027;0;0,005007052;0,002388579
13:48:04:804;0,939377621863116;330,939377621863;0;0,00735432;0,004593174
13:48:04:820;1,28432142643442;331,284321426434;0;0,001639763;0,001996848
13:48:04:837;0,587420183764152;329,412579816236;0;0,003307845;0,004827507
13:48:04:854;0,169586315291269;330,169586315291;0;0,002365473;0,003095137
13:48:04:870;1,11296122269698;331,112961222697;16;0,002178081;0,003460284
13:48:04:887;0,594192280870004;329,40580771913;15;0,002375882;0,001323846
13:48:04:904;0,0163554508430366;330,016355450843;16;0,00165693;0,00157801
13:48:04:920;0,238654109585809;329,761345890414;16;0,001667225;0,001242866
13:48:04:937;0,832454855762819;329,167545144237;15;0,001989903;0,003689493
13:48:04:954;2,7705858947981;332,770585894798;16;0,008857124;0,003086776
13:48:04:970;0,523528898507891;329,476471101492;0;0,006915398;0,003739003
13:48:04:987;2,43644176387562;332,436441763876;0;0,008077039;0,003309934
13:48:05:004;0,896485584628749;330,896485584629;0;0,004981617;0,006613277
13:48:05:020;0,854825663211557;330,854825663212;0;0,001486359;0,001852815
13:48:05:037;1,43659566253262;331,436595662533;0;0,00388077;0,005659677
13:48:05:054;0,572197041229515;329,42780295877;0;0,005042507;0,001772474
13:48:05:070;0,199481107280064;330,19948110728;0;0,001538965;0,001770415
13:48:05:087;0,368126421371301;330,368126421371;0;0,0005161557;0,001537545
13:48:05:104;0,0286353328181121;330,028635332818;0;0,001481992;0,001614446
13:48:05:120;0,0463776828513573;330,046377682851;0;0,001219773;0,001318236
13:48:05:137;0,440806959935458;329,559193040065;15;0,001215758;0,003511997
13:48:05: